Menores varianzas para longitud de clave de 13

FLONVEDITUDIN: 102.621544
FOLLENGICHARM: 100.461555
EMIGNINDATOLL: 105.58155
DRIGINSTOMPLY: 94.06155
DUALSOMPTIONT: 93.021545
FOUNGINSITTLY: 98.22154
OLLSOUNCTEDIF: 102.78153
JUSHIMEANCOLD: 88.381546
UPONTHISCRALT: 105.90152
LICHUSTABINDS: 102.541534

Numero de claves probadas: 23926
