Menores varianzas para longitud de clave de 9

GUENDOWIT: 108.14154
FLECAMIGH: 123.50154
SKINDOMPT: 95.18154
BOARMIGHT: 106.141556
SMAKINTOL: 121.98155
PITHOMINK: 120.62154
QUENTOWIL: 122.86154
FUNDITICK: 121.10153
WOUNCHRET: 118.14154
HODEPTINK: 121.82153

Numero de claves probadas: 24175
