Menores varianzas para longitud de clave de 12

VALOUNTRISCH: 101.421555
OTHALSOMPRIN: 104.06155
ASHOPLOVINIG: 98.94154
ONDAYSTIMIGH: 102.46154
WRIONTOLUDET: 92.381546
ACROVINUMEST: 102.38155
USHAPEROMMIL: 85.18154
WRIMPOSTUDET: 86.86154
DINFOLUTESCH: 103.90154
WANSIBLOUGGE: 99.741554

Numero de claves probadas: 24051
