Menores varianzas para longitud de clave de 14

YOUTIFTENOMPAR: 91.82153
ACHRIONDUCKETS: 99.261536
KINVELTHASOUNG: 92.621544
NAMOVICUSHARTH: 86.22153
KINGLEDUALONIG: 81.74155
KNOMPETIFFICAL: 95.021545
BARDIFTECULLSO: 91.82154
BLIOUNTESCARGE: 89.58152
ONIZATCHEDURTS: 71.02155
GATCHROVINUMBE: 91.741554

Numero de claves probadas: 23989
