Menores varianzas para longitud de clave de 8

KNEDISCH: 112.38153
MUSTAROD: 131.42154
TACHOMIN: 138.46153
GIONTLED: 142.46156
KNOTHRIL: 135.18155
AFTEMODY: 145.18152
LOUNTRIS: 136.22153
FOUTIVAN: 141.10155
KNOMPTIR: 139.34154
UNISTOLD: 132.30153

Numero de claves probadas: 23935
