Menores varianzas para longitud de clave de 5

LEGIN: 195.5815
LINST: 209.74156
BLING: 209.90157
LINGS: 202.30153
PHINK: 200.78152
SPINK: 209.02155
GIOND: 212.06154
OLIGN: 207.66153
BLIGN: 188.86159
INTHO: 204.86153

Numero de claves probadas: 21872
