Menores varianzas para longitud de clave de 16

KNOWISCHUMBERVIL: 87.74153
ASKINATCHOURCHOM: 92.06153
TWOUSHALECROMMIN: 97.341545
MAKINVEDURITISCH: 73.581535
OLESURPOLIGNITUR: 68.06155
FURTATIMPLEGIOND: 99.74155
JUSTARCHOPENOMIG: 81.02153
LOTHIMSEAMPTIONG: 100.86154
ISMANCHOOLUDINGE: 80.62154
KNOMPOSINCELTHET: 93.50153

Numero de claves probadas: 23916
