Menores varianzas para longitud de clave de 15

JECRITHAVATHODY: 88.54154
TABLEDUCTOMMISH: 87.42154
EQUATURPOLOSION: 84.86155
AUTILEMPLONGIOR: 91.741554
ENDOWAYSTUTIFIC: 93.82154
OLEFOUTHROMMINK: 77.26155
BINDARGESULLOST: 79.341545
GLEDIALTHRIONOW: 85.341545
NUMETISHELLOGIC: 93.821556
CLUTHROCELSOMIN: 91.82153

Numero de claves probadas: 23955
