Menores varianzas para longitud de clave de 10

RATHOMMUNG: 107.02153
PLOGINUMER: 97.90154
DINSELOCIT: 87.18154
MRSTUALMOR: 110.38153
KINDAYSTIC: 106.14154
VICTUALMOR: 85.821556
CINGESUPOL: 94.70153
VATOLUDICK: 98.78153
GICKEDEFOL: 107.901535
MRSTUALMOT: 99.341545

Numero de claves probadas: 24130
