Menores varianzas para longitud de clave de 11

OUPONSIGIND: 97.98154
VOLUSIATONG: 115.18153
FEACINFOLUT: 116.86154
GEDINFOLIST: 113.26154
PUBLOVISMAT: 112.06152
TWOUBLIANGS: 117.26155
FOUNDIALTHE: 118.46156
PHIMAKINFOL: 117.26154
VIDESTALMOU: 120.621544
FLONDICITHE: 113.261536

Numero de claves probadas: 24106
