Menores varianzas para longitud de clave de 6

TURPON: 166.30154
WOURTY: 178.62154
FICHAD: 175.90155
GROLIN: 157.42154
BINGLE: 149.82155
GLENOT: 175.82156
TWOURY: 180.54155
UPOSIN: 178.62157
MATHOR: 147.26155
DINGLE: 179.90152

Numero de claves probadas: 23449
