Menores varianzas para longitud de clave de 7

FLEDICK: 145.66154
BLEGAID: 150.94153
MATCHUR: 156.14156
GRAMOUT: 152.62152
MRSOULT: 132.30153
INFOLET: 157.66153
MRSOLUT: 141.58156
MRSONIT: 151.98154
YOURIST: 157.98154
UPONICK: 149.74155

Numero de claves probadas: 23475
